155,1
152,3
152,1
137,5
137,4
137,3
137,1
132,5
132,4
132,3
132,1
131,5
131,3
131,1
122,5
122,3
122,1
120,3
120,1
118,6
118,5
118,4
118,3
118,1
117,3
117,1
116,3
116,1
115,6
115,5
115,4
115,3
115,1
114,3
114,1
113,6
113,5
113,4
113,3
113,1
112,9
112,7
112,6
112,5
112,4
112,3
112,1
111,10
111,3
111,1
110,5
110,4
110,3
110,1
109,6
109,5
109,4
109,3
109,1
108,5
108,3
108,1
107,3
107,1
106,3
106,1
46,3
46,1
43,3
43,1
42,4
42,3
42,2
42,1
41,4
41,3
41,1
40,3
40,1
39,3
39,1
38,3
38,1
37,3
37,1
36,3
36,1
35,12
35,3
35,1
34,3
34,1
33,8
33,3
33,1
32,7
32,3
32,1
31,3
31,1
30,3
30,1
29,3
29,1
28,3
28,1
27,10
27,3
27,1
26,19
26,3
26,1
25,3
25,1
23,10
23,3
23,1
20,3
20,2
20,1
19,3
19,2
19,1
18,3
18,1
14,22
14,7
14,6
